library	num_callers	calls_per_caller	context	reductions	good	bad	run_queue	message_queues	min_time	avg_time	max_time
pt_overhead	5	1000	45066	53632559	5000	0	1	1	5327	6004	7560
pt_overhead	10	1000	55289	54090099	10000	0	3	2	5105	6006	7602
pt_overhead	15	1000	65388	54423245	15000	0	2	1	5222	6007	7950
pt_overhead	20	1000	75245	54390712	20000	0	6	2	5327	6011	9399
pt_overhead	25	1000	85377	54750802	25000	0	1	2	5122	6011	7852
pt_overhead	30	1000	95403	55047422	30000	0	18	3	5079	6022	10239
pt_overhead	35	1000	105453	55229899	35000	0	8	3	5115	6017	11017
pt_overhead	40	1000	115474	55426052	40000	0	9	2	5060	6020	11040
pt_overhead	45	1000	125495	55626747	45000	0	15	2	5041	6021	7981
pt_overhead	50	1000	135361	55602106	50000	0	13	1	5097	6026	7680
